!
!
!
1801 800.0000 0 1250.0000
800.0000 0
800.2500 0
800.5000 0
800.7500 0
801.0000 0
801.2500 0
801.5000 0
801.7500 0
802.0000 0
802.2500 0
802.5000 0
802.7500 0
803.0000 0
803.2500 0
803.5000 0
803.7500 0
804.0000 0
804.2500 0
804.5000 0
804.7500 0
805.0000 0
805.2500 0
805.5000 0
805.7500 0
806.0000 0
806.2500 0
806.5000 0
806.7500 0
807.0000 0
807.2500 0
807.5000 0
807.7500 0
808.0000 0
808.2500 0
808.5000 0
808.7500 0
809.0000 0
809.2500 0
809.5000 0
809.7500 0
810.0000 0
810.2500 0
810.5000 0
810.7500 0
811.0000 0
811.2500 0
811.5000 0
811.7500 0
812.0000 0
812.2500 0
812.5000 0
812.7500 0
813.0000 0
813.2500 0
813.5000 0
813.7500 0
814.0000 0
814.2500 0
814.5000 0
814.7500 0
815.0000 0
815.2500 0
815.5000 0
815.7500 0
816.0000 0
816.2500 0
816.5000 0
816.7500 0
817.0000 0
817.2500 0
817.5000 0
817.7500 0
818.0000 0
818.2500 0
818.5000 0
818.7500 0
819.0000 0
819.2500 0
819.5000 0
819.7500 0
820.0000 0
820.2500 0
820.5000 0
820.7500 0
821.0000 0
821.2500 0
821.5000 0
821.7500 0
822.0000 0
822.2500 0
822.5000 0
822.7500 0
823.0000 0
823.2500 0
823.5000 0
823.7500 0
824.0000 0
824.2500 0
824.5000 0
824.7500 0
825.0000 0
825.2500 0
825.5000 0
825.7500 0
826.0000 0
826.2500 0
826.5000 0
826.7500 0
827.0000 0
827.2500 0
827.5000 0
827.7500 0
828.0000 0
828.2500 0
828.5000 0
828.7500 0
829.0000 0
829.2500 0
829.5000 0
829.7500 0
830.0000 0
830.2500 0
830.5000 0
830.7500 0
831.0000 0
831.2500 0
831.5000 0
831.7500 0
832.0000 0
832.2500 0
832.5000 0
832.7500 0
833.0000 0
833.2500 0
833.5000 0
833.7500 0
834.0000 0
834.2500 0
834.5000 0
834.7500 0
835.0000 0
835.2500 0
835.5000 0
835.7500 0
836.0000 0
836.2500 0
836.5000 0
836.7500 0
837.0000 0
837.2500 0
837.5000 0
837.7500 0
838.0000 0
838.2500 0
838.5000 0
838.7500 0
839.0000 0
839.2500 0
839.5000 0
839.7500 0
840.0000 0
840.2500 0
840.5000 0
840.7500 0
841.0000 0
841.2500 0
841.5000 0
841.7500 0
842.0000 0
842.2500 0
842.5000 0
842.7500 0
843.0000 0
843.2500 0
843.5000 0
843.7500 0
844.0000 0
844.2500 0
844.5000 0
844.7500 0
845.0000 0
845.2500 0
845.5000 0
845.7500 0
846.0000 0
846.2500 0
846.5000 0
846.7500 0
847.0000 0
847.2500 0
847.5000 0
847.7500 0
848.0000 0
848.2500 0
848.5000 0
848.7500 0
849.0000 0
849.2500 0
849.5000 0
849.7500 0
850.0000 0
850.2500 0
850.5000 0
850.7500 0
851.0000 0
851.2500 0
851.5000 0
851.7500 0
852.0000 0
852.2500 0
852.5000 0
852.7500 0
853.0000 0
853.2500 0
853.5000 0
853.7500 0
854.0000 0
854.2500 0
854.5000 0
854.7500 0
855.0000 0
855.2500 0
855.5000 0
855.7500 0
856.0000 0
856.2500 0
856.5000 0
856.7500 0
857.0000 0
857.2500 0
857.5000 0
857.7500 0
858.0000 0
858.2500 0
858.5000 0
858.7500 0
859.0000 0
859.2500 0
859.5000 0
859.7500 0
860.0000 0
860.2500 0
860.5000 0
860.7500 0
861.0000 0
861.2500 0
861.5000 0
861.7500 0
862.0000 0
862.2500 0
862.5000 0
862.7500 0
863.0000 0
863.2500 0
863.5000 0
863.7500 0
864.0000 0
864.2500 0
864.5000 0
864.7500 0
865.0000 0
865.2500 0
865.5000 0
865.7500 0
866.0000 0
866.2500 0
866.5000 0
866.7500 0
867.0000 0
867.2500 0
867.5000 0
867.7500 0
868.0000 0
868.2500 0
868.5000 0
868.7500 0
869.0000 0
869.2500 0
869.5000 0
869.7500 0
870.0000 0
870.2500 0
870.5000 0
870.7500 0
871.0000 0
871.2500 0
871.5000 0
871.7500 0
872.0000 0
872.2500 0
872.5000 0
872.7500 0
873.0000 0
873.2500 0
873.5000 0
873.7500 0
874.0000 0
874.2500 0
874.5000 0
874.7500 0
875.0000 0
875.2500 0
875.5000 0
875.7500 0
876.0000 0
876.2500 0
876.5000 0
876.7500 0
877.0000 0
877.2500 0
877.5000 0
877.7500 0
878.0000 0
878.2500 0
878.5000 0
878.7500 0
879.0000 0
879.2500 0
879.5000 0
879.7500 0
880.0000 0
880.2500 0
880.5000 0
880.7500 0
881.0000 0
881.2500 0
881.5000 0
881.7500 0
882.0000 0
882.2500 0
882.5000 0
882.7500 0
883.0000 0
883.2500 0
883.5000 0
883.7500 0
884.0000 0
884.2500 0
884.5000 0
884.7500 0
885.0000 0
885.2500 0
885.5000 0
885.7500 0
886.0000 0
886.2500 0
886.5000 0
886.7500 0
887.0000 0
887.2500 0
887.5000 0
887.7500 0
888.0000 0
888.2500 0
888.5000 0
888.7500 0
889.0000 0
889.2500 0
889.5000 0
889.7500 0
890.0000 0
890.2500 0
890.5000 0
890.7500 0
891.0000 0
891.2500 0
891.5000 0
891.7500 0
892.0000 0
892.2500 0
892.5000 0
892.7500 0
893.0000 0
893.2500 0
893.5000 0
893.7500 0
894.0000 0
894.2500 0
894.5000 0
894.7500 0
895.0000 0
895.2500 0
895.5000 0
895.7500 0
896.0000 0
896.2500 0
896.5000 0
896.7500 0
897.0000 0
897.2500 0
897.5000 0
897.7500 0
898.0000 0
898.2500 0
898.5000 0
898.7500 0
899.0000 0
899.2500 0
899.5000 0
899.7500 0
900.0000 0
900.2500 0
900.5000 0
900.7500 0
901.0000 0
901.2500 0
901.5000 0
901.7500 0
902.0000 0
902.2500 0
902.5000 0
902.7500 0
903.0000 0
903.2500 0
903.5000 0
903.7500 0
904.0000 0
904.2500 0
904.5000 0
904.7500 0
905.0000 0
905.2500 0
905.5000 0
905.7500 0
906.0000 0
906.2500 0
906.5000 0
906.7500 0
907.0000 0
907.2500 0
907.5000 0
907.7500 0
908.0000 0
908.2500 0
908.5000 0
908.7500 0
909.0000 0
909.2500 0
909.5000 0
909.7500 0
910.0000 0
910.2500 0
910.5000 0
910.7500 0
911.0000 0
911.2500 0
911.5000 0
911.7500 0
912.0000 0
912.2500 0
912.5000 0
912.7500 0
913.0000 0
913.2500 0
913.5000 0
913.7500 0
914.0000 0
914.2500 0
914.5000 0
914.7500 0
915.0000 0
915.2500 0
915.5000 0
915.7500 0
916.0000 0
916.2500 0
916.5000 0
916.7500 0
917.0000 0
917.2500 0
917.5000 0
917.7500 0
918.0000 0
918.2500 0
918.5000 0
918.7500 0
919.0000 0
919.2500 0
919.5000 0
919.7500 0
920.0000 0
920.2500 0
920.5000 0
920.7500 0
921.0000 0
921.2500 0
921.5000 0
921.7500 0
922.0000 0
922.2500 0
922.5000 0
922.7500 0
923.0000 0
923.2500 0
923.5000 0
923.7500 0
924.0000 0
924.2500 0
924.5000 0
924.7500 0
925.0000 0
925.2500 0
925.5000 0
925.7500 0
926.0000 0
926.2500 0
926.5000 0
926.7500 0
927.0000 0
927.2500 0
927.5000 0
927.7500 0
928.0000 0
928.2500 0
928.5000 0
928.7500 0
929.0000 0
929.2500 0
929.5000 0
929.7500 0
930.0000 0
930.2500 0
930.5000 0
930.7500 0
931.0000 0
931.2500 0
931.5000 0
931.7500 0
932.0000 0
932.2500 0
932.5000 0
932.7500 0
933.0000 0
933.2500 0
933.5000 0
933.7500 0
934.0000 0
934.2500 0
934.5000 0
934.7500 0
935.0000 0
935.2500 0
935.5000 0
935.7500 0
936.0000 0
936.2500 0
936.5000 0
936.7500 0
937.0000 0
937.2500 0
937.5000 0
937.7500 0
938.0000 0
938.2500 0
938.5000 0
938.7500 0
939.0000 0
939.2500 0
939.5000 0
939.7500 0
940.0000 0
940.2500 0
940.5000 0
940.7500 0
941.0000 0
941.2500 0
941.5000 0
941.7500 0
942.0000 0
942.2500 0
942.5000 0
942.7500 0
943.0000 0
943.2500 0
943.5000 0
943.7500 0
944.0000 0
944.2500 0
944.5000 0
944.7500 0
945.0000 0
945.2500 0
945.5000 0
945.7500 0
946.0000 0
946.2500 0
946.5000 0
946.7500 0
947.0000 0
947.2500 0
947.5000 0
947.7500 0
948.0000 0
948.2500 0
948.5000 0
948.7500 0
949.0000 0
949.2500 0
949.5000 0
949.7500 0
950.0000 0
950.2500 0
950.5000 0
950.7500 0
951.0000 0
951.2500 0
951.5000 0
951.7500 0
952.0000 0
952.2500 0
952.5000 0
952.7500 0
953.0000 0
953.2500 0
953.5000 0
953.7500 0
954.0000 0
954.2500 0
954.5000 0
954.7500 0
955.0000 0
955.2500 0
955.5000 0
955.7500 0
956.0000 0
956.2500 0
956.5000 0
956.7500 0
957.0000 0
957.2500 0
957.5000 0
957.7500 0
958.0000 0
958.2500 0
958.5000 0
958.7500 0
959.0000 0
959.2500 0
959.5000 0
959.7500 0
960.0000 0
960.2500 0
960.5000 0
960.7500 0
961.0000 0
961.2500 0
961.5000 0
961.7500 0
962.0000 0
962.2500 0
962.5000 0
962.7500 0
963.0000 0
963.2500 0
963.5000 0
963.7500 0
964.0000 0
964.2500 0
964.5000 0
964.7500 0
965.0000 0
965.2500 0
965.5000 0
965.7500 0
966.0000 0
966.2500 0
966.5000 0
966.7500 0
967.0000 0
967.2500 0
967.5000 0
967.7500 0
968.0000 0
968.2500 0
968.5000 0
968.7500 0
969.0000 0
969.2500 0
969.5000 0
969.7500 0
970.0000 0
970.2500 0
970.5000 0
970.7500 0
971.0000 0
971.2500 0
971.5000 0
971.7500 0
972.0000 0
972.2500 0
972.5000 0
972.7500 0
973.0000 0
973.2500 0
973.5000 0
973.7500 0
974.0000 0
974.2500 0
974.5000 0
974.7500 0
975.0000 0
975.2500 0
975.5000 0
975.7500 0
976.0000 0
976.2500 0
976.5000 0
976.7500 0
977.0000 0
977.2500 0
977.5000 0
977.7500 0
978.0000 0
978.2500 0
978.5000 0
978.7500 0
979.0000 0
979.2500 0
979.5000 0
979.7500 0
980.0000 0
980.2500 0
980.5000 0
980.7500 0
981.0000 0
981.2500 0
981.5000 0
981.7500 0
982.0000 0
982.2500 0
982.5000 0
982.7500 0
983.0000 0
983.2500 0
983.5000 0
983.7500 0
984.0000 0
984.2500 0
984.5000 0
984.7500 0
985.0000 0
985.2500 0
985.5000 0
985.7500 0
986.0000 0
986.2500 0
986.5000 0
986.7500 0
987.0000 0
987.2500 0
987.5000 0
987.7500 0
988.0000 0
988.2500 0
988.5000 0
988.7500 0
989.0000 0
989.2500 0
989.5000 0
989.7500 0
990.0000 0
990.2500 0
990.5000 0
990.7500 0
991.0000 0
991.2500 0
991.5000 0
991.7500 0
992.0000 0
992.2500 0
992.5000 0
992.7500 0
993.0000 0
993.2500 0
993.5000 0
993.7500 0
994.0000 0
994.2500 0
994.5000 0
994.7500 0
995.0000 0
995.2500 0
995.5000 0
995.7500 0
996.0000 0
996.2500 0
996.5000 0
996.7500 0
997.0000 0
997.2500 0
997.5000 0
997.7500 0
998.0000 0
998.2500 0
998.5000 0
998.7500 0
999.0000 0
999.2500 0
999.5000 0
999.7500 0
1000.0000 0
1000.2500 0
1000.5000 0
1000.7500 0
1001.0000 0
1001.2500 0
1001.5000 0
1001.7500 0
1002.0000 0
1002.2500 0
1002.5000 0
1002.7500 0
1003.0000 0
1003.2500 0
1003.5000 0
1003.7500 0
1004.0000 0
1004.2500 0
1004.5000 0
1004.7500 0
1005.0000 0
1005.2500 0
1005.5000 0
1005.7500 0
1006.0000 0
1006.2500 0
1006.5000 0
1006.7500 0
1007.0000 0
1007.2500 0
1007.5000 0
1007.7500 0
1008.0000 0
1008.2500 0
1008.5000 0
1008.7500 0
1009.0000 0
1009.2500 0
1009.5000 0
1009.7500 0
1010.0000 0
1010.2500 0
1010.5000 0
1010.7500 0
1011.0000 0
1011.2500 0
1011.5000 0
1011.7500 0
1012.0000 0
1012.2500 0
1012.5000 0
1012.7500 0
1013.0000 0
1013.2500 0
1013.5000 0
1013.7500 0
1014.0000 0
1014.2500 0
1014.5000 0
1014.7500 0
1015.0000 0
1015.2500 0
1015.5000 0
1015.7500 0
1016.0000 0
1016.2500 0
1016.5000 0
1016.7500 0
1017.0000 0
1017.2500 0
1017.5000 0
1017.7500 0
1018.0000 0
1018.2500 0
1018.5000 0
1018.7500 0
1019.0000 0
1019.2500 0
1019.5000 0
1019.7500 0
1020.0000 0
1020.2500 0
1020.5000 0
1020.7500 0
1021.0000 0
1021.2500 0
1021.5000 0
1021.7500 0
1022.0000 0
1022.2500 0
1022.5000 0
1022.7500 0
1023.0000 0
1023.2500 0
1023.5000 0
1023.7500 0
1024.0000 0
1024.2500 0
1024.5000 0
1024.7500 0
1025.0000 0
1025.2500 0
1025.5000 0
1025.7500 0
1026.0000 0
1026.2500 0
1026.5000 0
1026.7500 0
1027.0000 0
1027.2500 0
1027.5000 0
1027.7500 0
1028.0000 0
1028.2500 0
1028.5000 0
1028.7500 0
1029.0000 0
1029.2500 0
1029.5000 0
1029.7500 0
1030.0000 0
1030.2500 0
1030.5000 0
1030.7500 0
1031.0000 0
1031.2500 0
1031.5000 0
1031.7500 0
1032.0000 0
1032.2500 0
1032.5000 0
1032.7500 0
1033.0000 0
1033.2500 0
1033.5000 0
1033.7500 0
1034.0000 0
1034.2500 0
1034.5000 0
1034.7500 0
1035.0000 0
1035.2500 0
1035.5000 0
1035.7500 0
1036.0000 0
1036.2500 0
1036.5000 0
1036.7500 0
1037.0000 0
1037.2500 0
1037.5000 0
1037.7500 0
1038.0000 0
1038.2500 0
1038.5000 0
1038.7500 0
1039.0000 0
1039.2500 0
1039.5000 0
1039.7500 0
1040.0000 0
1040.2500 0
1040.5000 0
1040.7500 0
1041.0000 0
1041.2500 0
1041.5000 0
1041.7500 0
1042.0000 0
1042.2500 0
1042.5000 0
1042.7500 0
1043.0000 0
1043.2500 0
1043.5000 0
1043.7500 0
1044.0000 0
1044.2500 0
1044.5000 0
1044.7500 0
1045.0000 0
1045.2500 0
1045.5000 0
1045.7500 0
1046.0000 0
1046.2500 0
1046.5000 0
1046.7500 0
1047.0000 0
1047.2500 0
1047.5000 0
1047.7500 0
1048.0000 0
1048.2500 0
1048.5000 0
1048.7500 0
1049.0000 0
1049.2500 0
1049.5000 0
1049.7500 0
1050.0000 0
1050.2500 0
1050.5000 0
1050.7500 0
1051.0000 0
1051.2500 0
1051.5000 0
1051.7500 0
1052.0000 0
1052.2500 0
1052.5000 0
1052.7500 0
1053.0000 0
1053.2500 0
1053.5000 0
1053.7500 0
1054.0000 0
1054.2500 0
1054.5000 0
1054.7500 0
1055.0000 0
1055.2500 0
1055.5000 0
1055.7500 0
1056.0000 0
1056.2500 0
1056.5000 0
1056.7500 0
1057.0000 0
1057.2500 0
1057.5000 0
1057.7500 0
1058.0000 0
1058.2500 0
1058.5000 0
1058.7500 0
1059.0000 0
1059.2500 0
1059.5000 0
1059.7500 0
1060.0000 0
1060.2500 0
1060.5000 0
1060.7500 0
1061.0000 0
1061.2500 0
1061.5000 0
1061.7500 0
1062.0000 0
1062.2500 0
1062.5000 0
1062.7500 0
1063.0000 0
1063.2500 0
1063.5000 0
1063.7500 0
1064.0000 0
1064.2500 0
1064.5000 0
1064.7500 0
1065.0000 0
1065.2500 0
1065.5000 0
1065.7500 0
1066.0000 0
1066.2500 0
1066.5000 0
1066.7500 0
1067.0000 0
1067.2500 0
1067.5000 0
1067.7500 0
1068.0000 0
1068.2500 0
1068.5000 0
1068.7500 0
1069.0000 0
1069.2500 0
1069.5000 0
1069.7500 0
1070.0000 0
1070.2500 0
1070.5000 0
1070.7500 0
1071.0000 0
1071.2500 0
1071.5000 0
1071.7500 0
1072.0000 0
1072.2500 0
1072.5000 0
1072.7500 0
1073.0000 0
1073.2500 0
1073.5000 0
1073.7500 0
1074.0000 0
1074.2500 0
1074.5000 0
1074.7500 0
1075.0000 0
1075.2500 0
1075.5000 0
1075.7500 0
1076.0000 0
1076.2500 0
1076.5000 0
1076.7500 0
1077.0000 0
1077.2500 0
1077.5000 0
1077.7500 0
1078.0000 0
1078.2500 0
1078.5000 0
1078.7500 0
1079.0000 0
1079.2500 0
1079.5000 0
1079.7500 0
1080.0000 0
1080.2500 0
1080.5000 0
1080.7500 0
1081.0000 0
1081.2500 0
1081.5000 0
1081.7500 0
1082.0000 0
1082.2500 0
1082.5000 0
1082.7500 0
1083.0000 0
1083.2500 0
1083.5000 0
1083.7500 0
1084.0000 0
1084.2500 0
1084.5000 0
1084.7500 0
1085.0000 0
1085.2500 0
1085.5000 0
1085.7500 0
1086.0000 0
1086.2500 0
1086.5000 0
1086.7500 0
1087.0000 0
1087.2500 0
1087.5000 0
1087.7500 0
1088.0000 0
1088.2500 0
1088.5000 0
1088.7500 0
1089.0000 0
1089.2500 0
1089.5000 0
1089.7500 0
1090.0000 0
1090.2500 0
1090.5000 0
1090.7500 0
1091.0000 0
1091.2500 0
1091.5000 0
1091.7500 0
1092.0000 0
1092.2500 0
1092.5000 0
1092.7500 0
1093.0000 0
1093.2500 0
1093.5000 0
1093.7500 0
1094.0000 0
1094.2500 0
1094.5000 0
1094.7500 0
1095.0000 0
1095.2500 0
1095.5000 0
1095.7500 0
1096.0000 0
1096.2500 0
1096.5000 0
1096.7500 0
1097.0000 0
1097.2500 0
1097.5000 0
1097.7500 0
1098.0000 0
1098.2500 0
1098.5000 0
1098.7500 0
1099.0000 0
1099.2500 0
1099.5000 0
1099.7500 0
1100.0000 0
1100.2500 0
1100.5000 0
1100.7500 0
1101.0000 0
1101.2500 0
1101.5000 0
1101.7500 0
1102.0000 0
1102.2500 0
1102.5000 0
1102.7500 0
1103.0000 0
1103.2500 0
1103.5000 0
1103.7500 0
1104.0000 0
1104.2500 0
1104.5000 0
1104.7500 0
1105.0000 0
1105.2500 0
1105.5000 0
1105.7500 0
1106.0000 0
1106.2500 0
1106.5000 0
1106.7500 0
1107.0000 0
1107.2500 0
1107.5000 0
1107.7500 0
1108.0000 0
1108.2500 0
1108.5000 0
1108.7500 0
1109.0000 0
1109.2500 0
1109.5000 0
1109.7500 0
1110.0000 0
1110.2500 0
1110.5000 0
1110.7500 0
1111.0000 0
1111.2500 0
1111.5000 0
1111.7500 0
1112.0000 0
1112.2500 0
1112.5000 0
1112.7500 0
1113.0000 0
1113.2500 0
1113.5000 0
1113.7500 0
1114.0000 0
1114.2500 0
1114.5000 0
1114.7500 0
1115.0000 0
1115.2500 0
1115.5000 0
1115.7500 0
1116.0000 0
1116.2500 0
1116.5000 0
1116.7500 0
1117.0000 0
1117.2500 0
1117.5000 0
1117.7500 0
1118.0000 0
1118.2500 0
1118.5000 0
1118.7500 0
1119.0000 0
1119.2500 0
1119.5000 0
1119.7500 0
1120.0000 0
1120.2500 0
1120.5000 0
1120.7500 0
1121.0000 0
1121.2500 0
1121.5000 0
1121.7500 0
1122.0000 0
1122.2500 0
1122.5000 0
1122.7500 0
1123.0000 0
1123.2500 0
1123.5000 0
1123.7500 0
1124.0000 0
1124.2500 0
1124.5000 0
1124.7500 0
1125.0000 0
1125.2500 0
1125.5000 0
1125.7500 0
1126.0000 0
1126.2500 0
1126.5000 0
1126.7500 0
1127.0000 0
1127.2500 0
1127.5000 0
1127.7500 0
1128.0000 0
1128.2500 0
1128.5000 0
1128.7500 0
1129.0000 0
1129.2500 0
1129.5000 0
1129.7500 0
1130.0000 0
1130.2500 0
1130.5000 0
1130.7500 0
1131.0000 0
1131.2500 0
1131.5000 0
1131.7500 0
1132.0000 0
1132.2500 0
1132.5000 0
1132.7500 0
1133.0000 0
1133.2500 0
1133.5000 0
1133.7500 0
1134.0000 0
1134.2500 0
1134.5000 0
1134.7500 0
1135.0000 0
1135.2500 0
1135.5000 0
1135.7500 0
1136.0000 0
1136.2500 0
1136.5000 0
1136.7500 0
1137.0000 0
1137.2500 0
1137.5000 0
1137.7500 0
1138.0000 0
1138.2500 0
1138.5000 0
1138.7500 0
1139.0000 0
1139.2500 0
1139.5000 0
1139.7500 0
1140.0000 0
1140.2500 0
1140.5000 0
1140.7500 0
1141.0000 0
1141.2500 0
1141.5000 0
1141.7500 0
1142.0000 0
1142.2500 0
1142.5000 0
1142.7500 0
1143.0000 0
1143.2500 0
1143.5000 0
1143.7500 0
1144.0000 0
1144.2500 0
1144.5000 0
1144.7500 0
1145.0000 0
1145.2500 0
1145.5000 0
1145.7500 0
1146.0000 0
1146.2500 0
1146.5000 0
1146.7500 0
1147.0000 0
1147.2500 0
1147.5000 0
1147.7500 0
1148.0000 0
1148.2500 0
1148.5000 0
1148.7500 0
1149.0000 0
1149.2500 0
1149.5000 0
1149.7500 0
1150.0000 0
1150.2500 0
1150.5000 0
1150.7500 0
1151.0000 0
1151.2500 0
1151.5000 0
1151.7500 0
1152.0000 0
1152.2500 0
1152.5000 0
1152.7500 0
1153.0000 0
1153.2500 0
1153.5000 0
1153.7500 0
1154.0000 0
1154.2500 0
1154.5000 0
1154.7500 0
1155.0000 0
1155.2500 0
1155.5000 0
1155.7500 0
1156.0000 0
1156.2500 0
1156.5000 0
1156.7500 0
1157.0000 0
1157.2500 0
1157.5000 0
1157.7500 0
1158.0000 0
1158.2500 0
1158.5000 0
1158.7500 0
1159.0000 0
1159.2500 0
1159.5000 0
1159.7500 0
1160.0000 0
1160.2500 0
1160.5000 0
1160.7500 0
1161.0000 0
1161.2500 0
1161.5000 0
1161.7500 0
1162.0000 0
1162.2500 0
1162.5000 0
1162.7500 0
1163.0000 0
1163.2500 0
1163.5000 0
1163.7500 0
1164.0000 0
1164.2500 0
1164.5000 0
1164.7500 0
1165.0000 0
1165.2500 0
1165.5000 0
1165.7500 0
1166.0000 0
1166.2500 0
1166.5000 0
1166.7500 0
1167.0000 0
1167.2500 0
1167.5000 0
1167.7500 0
1168.0000 0
1168.2500 0
1168.5000 0
1168.7500 0
1169.0000 0
1169.2500 0
1169.5000 0
1169.7500 0
1170.0000 0
1170.2500 0
1170.5000 0
1170.7500 0
1171.0000 0
1171.2500 0
1171.5000 0
1171.7500 0
1172.0000 0
1172.2500 0
1172.5000 0
1172.7500 0
1173.0000 0
1173.2500 0
1173.5000 0
1173.7500 0
1174.0000 0
1174.2500 0
1174.5000 0
1174.7500 0
1175.0000 0
1175.2500 0
1175.5000 0
1175.7500 0
1176.0000 0
1176.2500 0
1176.5000 0
1176.7500 0
1177.0000 0
1177.2500 0
1177.5000 0
1177.7500 0
1178.0000 0
1178.2500 0
1178.5000 0
1178.7500 0
1179.0000 0
1179.2500 0
1179.5000 0
1179.7500 0
1180.0000 0
1180.2500 0
1180.5000 0
1180.7500 0
1181.0000 0
1181.2500 0
1181.5000 0
1181.7500 0
1182.0000 0
1182.2500 0
1182.5000 0
1182.7500 0
1183.0000 0
1183.2500 0
1183.5000 0
1183.7500 0
1184.0000 0
1184.2500 0
1184.5000 0
1184.7500 0
1185.0000 0
1185.2500 0
1185.5000 0
1185.7500 0
1186.0000 0
1186.2500 0
1186.5000 0
1186.7500 0
1187.0000 0
1187.2500 0
1187.5000 0
1187.7500 0
1188.0000 0
1188.2500 0
1188.5000 0
1188.7500 0
1189.0000 0
1189.2500 0
1189.5000 0
1189.7500 0
1190.0000 0
1190.2500 0
1190.5000 0
1190.7500 0
1191.0000 0
1191.2500 0
1191.5000 0
1191.7500 0
1192.0000 0
1192.2500 0
1192.5000 0
1192.7500 0
1193.0000 0
1193.2500 0
1193.5000 0
1193.7500 0
1194.0000 0
1194.2500 0
1194.5000 0
1194.7500 0
1195.0000 0
1195.2500 0
1195.5000 0
1195.7500 0
1196.0000 0
1196.2500 0
1196.5000 0
1196.7500 0
1197.0000 0
1197.2500 0
1197.5000 0
1197.7500 0
1198.0000 0
1198.2500 0
1198.5000 0
1198.7500 0
1199.0000 0
1199.2500 0
1199.5000 0
1199.7500 0
1200.0000 0
1200.2500 0
1200.5000 0
1200.7500 0
1201.0000 0
1201.2500 0
1201.5000 0
1201.7500 0
1202.0000 0
1202.2500 0
1202.5000 0
1202.7500 0
1203.0000 0
1203.2500 0
1203.5000 0
1203.7500 0
1204.0000 0
1204.2500 0
1204.5000 0
1204.7500 0
1205.0000 0
1205.2500 0
1205.5000 0
1205.7500 0
1206.0000 0
1206.2500 0
1206.5000 0
1206.7500 0
1207.0000 0
1207.2500 0
1207.5000 0
1207.7500 0
1208.0000 0
1208.2500 0
1208.5000 0
1208.7500 0
1209.0000 0
1209.2500 0
1209.5000 0
1209.7500 0
1210.0000 0
1210.2500 0
1210.5000 0
1210.7500 0
1211.0000 0
1211.2500 0
1211.5000 0
1211.7500 0
1212.0000 0
1212.2500 0
1212.5000 0
1212.7500 0
1213.0000 0
1213.2500 0
1213.5000 0
1213.7500 0
1214.0000 0
1214.2500 0
1214.5000 0
1214.7500 0
1215.0000 0
1215.2500 0
1215.5000 0
1215.7500 0
1216.0000 0
1216.2500 0
1216.5000 0
1216.7500 0
1217.0000 0
1217.2500 0
1217.5000 0
1217.7500 0
1218.0000 0
1218.2500 0
1218.5000 0
1218.7500 0
1219.0000 0
1219.2500 0
1219.5000 0
1219.7500 0
1220.0000 0
1220.2500 0
1220.5000 0
1220.7500 0
1221.0000 0
1221.2500 0
1221.5000 0
1221.7500 0
1222.0000 0
1222.2500 0
1222.5000 0
1222.7500 0
1223.0000 0
1223.2500 0
1223.5000 0
1223.7500 0
1224.0000 0
1224.2500 0
1224.5000 0
1224.7500 0
1225.0000 0
1225.2500 0
1225.5000 0
1225.7500 0
1226.0000 0
1226.2500 0
1226.5000 0
1226.7500 0
1227.0000 0
1227.2500 0
1227.5000 0
1227.7500 0
1228.0000 0
1228.2500 0
1228.5000 0
1228.7500 0
1229.0000 0
1229.2500 0
1229.5000 0
1229.7500 0
1230.0000 0
1230.2500 0
1230.5000 0
1230.7500 0
1231.0000 0
1231.2500 0
1231.5000 0
1231.7500 0
1232.0000 0
1232.2500 0
1232.5000 0
1232.7500 0
1233.0000 0
1233.2500 0
1233.5000 0
1233.7500 0
1234.0000 0
1234.2500 0
1234.5000 0
1234.7500 0
1235.0000 0
1235.2500 0
1235.5000 0
1235.7500 0
1236.0000 0
1236.2500 0
1236.5000 0
1236.7500 0
1237.0000 0
1237.2500 0
1237.5000 0
1237.7500 0
1238.0000 0
1238.2500 0
1238.5000 0
1238.7500 0
1239.0000 0
1239.2500 0
1239.5000 0
1239.7500 0
1240.0000 0
1240.2500 0
1240.5000 0
1240.7500 0
1241.0000 0
1241.2500 0
1241.5000 0
1241.7500 0
1242.0000 0
1242.2500 0
1242.5000 0
1242.7500 0
1243.0000 0
1243.2500 0
1243.5000 0
1243.7500 0
1244.0000 0
1244.2500 0
1244.5000 0
1244.7500 0
1245.0000 0
1245.2500 0
1245.5000 0
1245.7500 0
1246.0000 0
1246.2500 0
1246.5000 0
1246.7500 0
1247.0000 0
1247.2500 0
1247.5000 0
1247.7500 0
1248.0000 0
1248.2500 0
1248.5000 0
1248.7500 0
1249.0000 0
1249.2500 0
1249.5000 0
1249.7500 0
1250.0000 0
