!
!
!
1121 897.0000 0 953.0000
897.0000 0
897.0500 0
897.1000 0
897.1500 0
897.2000 0
897.2500 0
897.3000 0
897.3500 0
897.4000 0
897.4500 0
897.5000 0
897.5500 0
897.6000 0
897.6500 0
897.7000 0
897.7500 0
897.8000 0
897.8500 0
897.9000 0
897.9500 0
898.0000 0
898.0500 0
898.1000 0
898.1500 0
898.2000 0
898.2500 0
898.3000 0
898.3500 0
898.4000 0
898.4500 0
898.5000 0
898.5500 0
898.6000 0
898.6500 0
898.7000 0
898.7500 0
898.8000 0
898.8500 0
898.9000 0
898.9500 0
899.0000 0
899.0500 0
899.1000 0
899.1500 0
899.2000 0
899.2500 0
899.3000 0
899.3500 0
899.4000 0
899.4500 0
899.5000 0
899.5500 0
899.6000 0
899.6500 0
899.7000 0
899.7500 0
899.8000 0
899.8500 0
899.9000 0
899.9500 0
900.0000 0
900.0500 0
900.1000 0
900.1500 0
900.2000 0
900.2500 0
900.3000 0
900.3500 0
900.4000 0
900.4500 0
900.5000 0
900.5500 0
900.6000 0
900.6500 0
900.7000 0
900.7500 0
900.8000 0
900.8500 0
900.9000 0
900.9500 0
901.0000 0
901.0500 0
901.1000 0
901.1500 0
901.2000 0
901.2500 0
901.3000 0
901.3500 0
901.4000 0
901.4500 0
901.5000 0
901.5500 0
901.6000 0
901.6500 0
901.7000 0
901.7500 0
901.8000 0
901.8500 0
901.9000 0
901.9500 0
902.0000 0
902.0500 0
902.1000 0
902.1500 0
902.2000 0
902.2500 0
902.3000 0
902.3500 0
902.4000 0
902.4500 0
902.5000 0
902.5500 0
902.6000 0
902.6500 0
902.7000 0
902.7500 0
902.8000 0
902.8500 0
902.9000 0
902.9500 0
903.0000 0
903.0500 0
903.1000 0
903.1500 0
903.2000 0
903.2500 0
903.3000 0
903.3500 0
903.4000 0
903.4500 0
903.5000 0
903.5500 0
903.6000 0
903.6500 0
903.7000 0
903.7500 0
903.8000 0
903.8500 0
903.9000 0
903.9500 0
904.0000 0
904.0500 0
904.1000 0
904.1500 0
904.2000 0
904.2500 0
904.3000 0
904.3500 0
904.4000 0
904.4500 0
904.5000 0
904.5500 0
904.6000 0
904.6500 0
904.7000 0
904.7500 0
904.8000 0
904.8500 0
904.9000 0
904.9500 0
905.0000 0
905.0500 0
905.1000 0
905.1500 0
905.2000 0
905.2500 0
905.3000 0
905.3500 0
905.4000 0
905.4500 0
905.5000 0
905.5500 0
905.6000 0
905.6500 0
905.7000 0
905.7500 0
905.8000 0
905.8500 0
905.9000 0
905.9500 0
906.0000 0
906.0500 0
906.1000 0
906.1500 0
906.2000 0
906.2500 0
906.3000 0
906.3500 0
906.4000 0
906.4500 0
906.5000 0
906.5500 0
906.6000 0
906.6500 0
906.7000 0
906.7500 0
906.8000 0
906.8500 0
906.9000 0
906.9500 0
907.0000 0
907.0500 0
907.1000 0
907.1500 0
907.2000 0
907.2500 0
907.3000 0
907.3500 0
907.4000 0
907.4500 0
907.5000 0
907.5500 0
907.6000 0
907.6500 0
907.7000 0
907.7500 0
907.8000 0
907.8500 0
907.9000 0
907.9500 0
908.0000 0
908.0500 0
908.1000 0
908.1500 0
908.2000 0
908.2500 0
908.3000 0
908.3500 0
908.4000 0
908.4500 0
908.5000 0
908.5500 0
908.6000 0
908.6500 0
908.7000 0
908.7500 0
908.8000 0
908.8500 0
908.9000 0
908.9500 0
909.0000 0
909.0500 0
909.1000 0
909.1500 0
909.2000 0
909.2500 0
909.3000 0
909.3500 0
909.4000 0
909.4500 0
909.5000 0
909.5500 0
909.6000 0
909.6500 0
909.7000 0
909.7500 0
909.8000 0
909.8500 0
909.9000 0
909.9500 0
910.0000 0
910.0500 0
910.1000 0
910.1500 0
910.2000 0
910.2500 0
910.3000 0
910.3500 0
910.4000 0
910.4500 0
910.5000 0
910.5500 0
910.6000 0
910.6500 0
910.7000 0
910.7500 0
910.8000 0
910.8500 0
910.9000 0
910.9500 0
911.0000 0
911.0500 0
911.1000 0
911.1500 0
911.2000 0
911.2500 0
911.3000 0
911.3500 0
911.4000 0
911.4500 0
911.5000 0
911.5500 0
911.6000 0
911.6500 0
911.7000 0
911.7500 0
911.8000 0
911.8500 0
911.9000 0
911.9500 0
912.0000 0
912.0500 0
912.1000 0
912.1500 0
912.2000 0
912.2500 0
912.3000 0
912.3500 0
912.4000 0
912.4500 0
912.5000 0
912.5500 0
912.6000 0
912.6500 0
912.7000 0
912.7500 0
912.8000 0
912.8500 0
912.9000 0
912.9500 0
913.0000 0
913.0500 0
913.1000 0
913.1500 0
913.2000 0
913.2500 0
913.3000 0
913.3500 0
913.4000 0
913.4500 0
913.5000 0
913.5500 0
913.6000 0
913.6500 0
913.7000 0
913.7500 0
913.8000 0
913.8500 0
913.9000 0
913.9500 0
914.0000 0
914.0500 0
914.1000 0
914.1500 0
914.2000 0
914.2500 0
914.3000 0
914.3500 0
914.4000 0
914.4500 0
914.5000 0
914.5500 0
914.6000 0
914.6500 0
914.7000 0
914.7500 0
914.8000 0
914.8500 0
914.9000 0
914.9500 0
915.0000 0
915.0500 0
915.1000 0
915.1500 0
915.2000 0
915.2500 0
915.3000 0
915.3500 0
915.4000 0
915.4500 0
915.5000 0
915.5500 0
915.6000 0
915.6500 0
915.7000 0
915.7500 0
915.8000 0
915.8500 0
915.9000 0
915.9500 0
916.0000 0
916.0500 0
916.1000 0
916.1500 0
916.2000 0
916.2500 0
916.3000 0
916.3500 0
916.4000 0
916.4500 0
916.5000 0
916.5500 0
916.6000 0
916.6500 0
916.7000 0
916.7500 0
916.8000 0
916.8500 0
916.9000 0
916.9500 0
917.0000 0
917.0500 0
917.1000 0
917.1500 0
917.2000 0
917.2500 0
917.3000 0
917.3500 0
917.4000 0
917.4500 0
917.5000 0
917.5500 0
917.6000 0
917.6500 0
917.7000 0
917.7500 0
917.8000 0
917.8500 0
917.9000 0
917.9500 0
918.0000 0
918.0500 0
918.1000 0
918.1500 0
918.2000 0
918.2500 0
918.3000 0
918.3500 0
918.4000 0
918.4500 0
918.5000 0
918.5500 0
918.6000 0
918.6500 0
918.7000 0
918.7500 0
918.8000 0
918.8500 0
918.9000 0
918.9500 0
919.0000 0
919.0500 0
919.1000 0
919.1500 0
919.2000 0
919.2500 0
919.3000 0
919.3500 0
919.4000 0
919.4500 0
919.5000 0
919.5500 0
919.6000 0
919.6500 0
919.7000 0
919.7500 0
919.8000 0
919.8500 0
919.9000 0
919.9500 0
920.0000 0
920.0500 0
920.1000 0
920.1500 0
920.2000 0
920.2500 0
920.3000 0
920.3500 0
920.4000 0
920.4500 0
920.5000 0
920.5500 0
920.6000 0
920.6500 0
920.7000 0
920.7500 0
920.8000 0
920.8500 0
920.9000 0
920.9500 0
921.0000 0
921.0500 0
921.1000 0
921.1500 0
921.2000 0
921.2500 0
921.3000 0
921.3500 0
921.4000 0
921.4500 0
921.5000 0
921.5500 0
921.6000 0
921.6500 0
921.7000 0
921.7500 0
921.8000 0
921.8500 0
921.9000 0
921.9500 0
922.0000 0
922.0500 0
922.1000 0
922.1500 0
922.2000 0
922.2500 0
922.3000 0
922.3500 0
922.4000 0
922.4500 0
922.5000 0
922.5500 0
922.6000 0
922.6500 0
922.7000 0
922.7500 0
922.8000 0
922.8500 0
922.9000 0
922.9500 0
923.0000 0
923.0500 0
923.1000 0
923.1500 0
923.2000 0
923.2500 0
923.3000 0
923.3500 0
923.4000 0
923.4500 0
923.5000 0
923.5500 0
923.6000 0
923.6500 0
923.7000 0
923.7500 0
923.8000 0
923.8500 0
923.9000 0
923.9500 0
924.0000 0
924.0500 0
924.1000 0
924.1500 0
924.2000 0
924.2500 0
924.3000 0
924.3500 0
924.4000 0
924.4500 0
924.5000 0
924.5500 0
924.6000 0
924.6500 0
924.7000 0
924.7500 0
924.8000 0
924.8500 0
924.9000 0
924.9500 0
925.0000 0
925.0500 0
925.1000 0
925.1500 0
925.2000 0
925.2500 0
925.3000 0
925.3500 0
925.4000 0
925.4500 0
925.5000 0
925.5500 0
925.6000 0
925.6500 0
925.7000 0
925.7500 0
925.8000 0
925.8500 0
925.9000 0
925.9500 0
926.0000 0
926.0500 0
926.1000 0
926.1500 0
926.2000 0
926.2500 0
926.3000 0
926.3500 0
926.4000 0
926.4500 0
926.5000 0
926.5500 0
926.6000 0
926.6500 0
926.7000 0
926.7500 0
926.8000 0
926.8500 0
926.9000 0
926.9500 0
927.0000 0
927.0500 0
927.1000 0
927.1500 0
927.2000 0
927.2500 0
927.3000 0
927.3500 0
927.4000 0
927.4500 0
927.5000 0
927.5500 0
927.6000 0
927.6500 0
927.7000 0
927.7500 0
927.8000 0
927.8500 0
927.9000 0
927.9500 0
928.0000 0
928.0500 0
928.1000 0
928.1500 0
928.2000 0
928.2500 0
928.3000 0
928.3500 0
928.4000 0
928.4500 0
928.5000 0
928.5500 0
928.6000 0
928.6500 0
928.7000 0
928.7500 0
928.8000 0
928.8500 0
928.9000 0
928.9500 0
929.0000 0
929.0500 0
929.1000 0
929.1500 0
929.2000 0
929.2500 0
929.3000 0
929.3500 0
929.4000 0
929.4500 0
929.5000 0
929.5500 0
929.6000 0
929.6500 0
929.7000 0
929.7500 0
929.8000 0
929.8500 0
929.9000 0
929.9500 0
930.0000 0
930.0500 0
930.1000 0
930.1500 0
930.2000 0
930.2500 0
930.3000 0
930.3500 0
930.4000 0
930.4500 0
930.5000 0
930.5500 0
930.6000 0
930.6500 0
930.7000 0
930.7500 0
930.8000 0
930.8500 0
930.9000 0
930.9500 0
931.0000 0
931.0500 0
931.1000 0
931.1500 0
931.2000 0
931.2500 0
931.3000 0
931.3500 0
931.4000 0
931.4500 0
931.5000 0
931.5500 0
931.6000 0
931.6500 0
931.7000 0
931.7500 0
931.8000 0
931.8500 0
931.9000 0
931.9500 0
932.0000 0
932.0500 0
932.1000 0
932.1500 0
932.2000 0
932.2500 0
932.3000 0
932.3500 0
932.4000 0
932.4500 0
932.5000 0
932.5500 0
932.6000 0
932.6500 0
932.7000 0
932.7500 0
932.8000 0
932.8500 0
932.9000 0
932.9500 0
933.0000 0
933.0500 0
933.1000 0
933.1500 0
933.2000 0
933.2500 0
933.3000 0
933.3500 0
933.4000 0
933.4500 0
933.5000 0
933.5500 0
933.6000 0
933.6500 0
933.7000 0
933.7500 0
933.8000 0
933.8500 0
933.9000 0
933.9500 0
934.0000 0
934.0500 0
934.1000 0
934.1500 0
934.2000 0
934.2500 0
934.3000 0
934.3500 0
934.4000 0
934.4500 0
934.5000 0
934.5500 0
934.6000 0
934.6500 0
934.7000 0
934.7500 0
934.8000 0
934.8500 0
934.9000 0
934.9500 0
935.0000 0
935.0500 0
935.1000 0
935.1500 0
935.2000 0
935.2500 0
935.3000 0
935.3500 0
935.4000 0
935.4500 0
935.5000 0
935.5500 0
935.6000 0
935.6500 0
935.7000 0
935.7500 0
935.8000 0
935.8500 0
935.9000 0
935.9500 0
936.0000 0
936.0500 0
936.1000 0
936.1500 0
936.2000 0
936.2500 0
936.3000 0
936.3500 0
936.4000 0
936.4500 0
936.5000 0
936.5500 0
936.6000 0
936.6500 0
936.7000 0
936.7500 0
936.8000 0
936.8500 0
936.9000 0
936.9500 0
937.0000 0
937.0500 0
937.1000 0
937.1500 0
937.2000 0
937.2500 0
937.3000 0
937.3500 0
937.4000 0
937.4500 0
937.5000 0
937.5500 0
937.6000 0
937.6500 0
937.7000 0
937.7500 0
937.8000 0
937.8500 0
937.9000 0
937.9500 0
938.0000 0
938.0500 0
938.1000 0
938.1500 0
938.2000 0
938.2500 0
938.3000 0
938.3500 0
938.4000 0
938.4500 0
938.5000 0
938.5500 0
938.6000 0
938.6500 0
938.7000 0
938.7500 0
938.8000 0
938.8500 0
938.9000 0
938.9500 0
939.0000 0
939.0500 0
939.1000 0
939.1500 0
939.2000 0
939.2500 0
939.3000 0
939.3500 0
939.4000 0
939.4500 0
939.5000 0
939.5500 0
939.6000 0
939.6500 0
939.7000 0
939.7500 0
939.8000 0
939.8500 0
939.9000 0
939.9500 0
940.0000 0
940.0500 0
940.1000 0
940.1500 0
940.2000 0
940.2500 0
940.3000 0
940.3500 0
940.4000 0
940.4500 0
940.5000 0
940.5500 0
940.6000 0
940.6500 0
940.7000 0
940.7500 0
940.8000 0
940.8500 0
940.9000 0
940.9500 0
941.0000 0
941.0500 0
941.1000 0
941.1500 0
941.2000 0
941.2500 0
941.3000 0
941.3500 0
941.4000 0
941.4500 0
941.5000 0
941.5500 0
941.6000 0
941.6500 0
941.7000 0
941.7500 0
941.8000 0
941.8500 0
941.9000 0
941.9500 0
942.0000 0
942.0500 0
942.1000 0
942.1500 0
942.2000 0
942.2500 0
942.3000 0
942.3500 0
942.4000 0
942.4500 0
942.5000 0
942.5500 0
942.6000 0
942.6500 0
942.7000 0
942.7500 0
942.8000 0
942.8500 0
942.9000 0
942.9500 0
943.0000 0
943.0500 0
943.1000 0
943.1500 0
943.2000 0
943.2500 0
943.3000 0
943.3500 0
943.4000 0
943.4500 0
943.5000 0
943.5500 0
943.6000 0
943.6500 0
943.7000 0
943.7500 0
943.8000 0
943.8500 0
943.9000 0
943.9500 0
944.0000 0
944.0500 0
944.1000 0
944.1500 0
944.2000 0
944.2500 0
944.3000 0
944.3500 0
944.4000 0
944.4500 0
944.5000 0
944.5500 0
944.6000 0
944.6500 0
944.7000 0
944.7500 0
944.8000 0
944.8500 0
944.9000 0
944.9500 0
945.0000 0
945.0500 0
945.1000 0
945.1500 0
945.2000 0
945.2500 0
945.3000 0
945.3500 0
945.4000 0
945.4500 0
945.5000 0
945.5500 0
945.6000 0
945.6500 0
945.7000 0
945.7500 0
945.8000 0
945.8500 0
945.9000 0
945.9500 0
946.0000 0
946.0500 0
946.1000 0
946.1500 0
946.2000 0
946.2500 0
946.3000 0
946.3500 0
946.4000 0
946.4500 0
946.5000 0
946.5500 0
946.6000 0
946.6500 0
946.7000 0
946.7500 0
946.8000 0
946.8500 0
946.9000 0
946.9500 0
947.0000 0
947.0500 0
947.1000 0
947.1500 0
947.2000 0
947.2500 0
947.3000 0
947.3500 0
947.4000 0
947.4500 0
947.5000 0
947.5500 0
947.6000 0
947.6500 0
947.7000 0
947.7500 0
947.8000 0
947.8500 0
947.9000 0
947.9500 0
948.0000 0
948.0500 0
948.1000 0
948.1500 0
948.2000 0
948.2500 0
948.3000 0
948.3500 0
948.4000 0
948.4500 0
948.5000 0
948.5500 0
948.6000 0
948.6500 0
948.7000 0
948.7500 0
948.8000 0
948.8500 0
948.9000 0
948.9500 0
949.0000 0
949.0500 0
949.1000 0
949.1500 0
949.2000 0
949.2500 0
949.3000 0
949.3500 0
949.4000 0
949.4500 0
949.5000 0
949.5500 0
949.6000 0
949.6500 0
949.7000 0
949.7500 0
949.8000 0
949.8500 0
949.9000 0
949.9500 0
950.0000 0
950.0500 0
950.1000 0
950.1500 0
950.2000 0
950.2500 0
950.3000 0
950.3500 0
950.4000 0
950.4500 0
950.5000 0
950.5500 0
950.6000 0
950.6500 0
950.7000 0
950.7500 0
950.8000 0
950.8500 0
950.9000 0
950.9500 0
951.0000 0
951.0500 0
951.1000 0
951.1500 0
951.2000 0
951.2500 0
951.3000 0
951.3500 0
951.4000 0
951.4500 0
951.5000 0
951.5500 0
951.6000 0
951.6500 0
951.7000 0
951.7500 0
951.8000 0
951.8500 0
951.9000 0
951.9500 0
952.0000 0
952.0500 0
952.1000 0
952.1500 0
952.2000 0
952.2500 0
952.3000 0
952.3500 0
952.4000 0
952.4500 0
952.5000 0
952.5500 0
952.6000 0
952.6500 0
952.7000 0
952.7500 0
952.8000 0
952.8500 0
952.9000 0
952.9500 0
953.0000 0
